0 0.577344 0.255556 0.184375 0.194444
0 0.567187 0.353472 0.170313 0.173611
0 0.639844 0.398611 0.125000 0.125000
0 0.723437 0.543056 0.181250 0.147222
0 0.712500 0.626389 0.135937 0.136111
0 0.572266 0.526389 0.174219 0.161111
0 0.478906 0.368056 0.151562 0.111111
0 0.545703 0.449306 0.119531 0.134722
0 0.443359 0.496528 0.182031 0.206944
0 0.467187 0.617361 0.145313 0.123611
0 0.518750 0.619444 0.140625 0.130556
0 0.494141 0.695833 0.191406 0.161111
0 0.352734 0.597222 0.163281 0.191667
0 0.351562 0.734028 0.184375 0.176389
