0 0.428516 0.235417 0.163281 0.151389
0 0.616797 0.231250 0.180469 0.170833
0 0.428906 0.341667 0.156250 0.072222
0 0.457813 0.410417 0.107813 0.073611
0 0.648047 0.457639 0.264844 0.270833
0 0.882422 0.332639 0.219531 0.129167
0 0.884375 0.402778 0.228125 0.091667
0 0.836719 0.503472 0.264062 0.206944
0 0.528516 0.550000 0.247656 0.188889
0 0.694922 0.625000 0.235156 0.202778
0 0.649609 0.695833 0.171094 0.158333
0 0.464453 0.643056 0.178906 0.180556
0 0.253516 0.463889 0.072656 0.122222
0 0.355469 0.592361 0.229687 0.287500
0 0.280859 0.676389 0.091406 0.175000
0 0.078906 0.552778 0.153125 0.325000
