0 0.517969 0.080556 0.107813 0.158333
0 0.565625 0.250000 0.101562 0.119444
0 0.501953 0.202083 0.119531 0.151389
0 0.657813 0.402778 0.126562 0.138889
0 0.600391 0.463194 0.138281 0.170833
0 0.437891 0.247917 0.108594 0.120833
0 0.491797 0.289583 0.111719 0.126389
0 0.374219 0.313194 0.132812 0.168056
0 0.473438 0.369444 0.140625 0.177778
0 0.460156 0.469444 0.103125 0.125000
0 0.422656 0.467361 0.118750 0.159722
0 0.398438 0.505556 0.164062 0.183333
0 0.311719 0.381250 0.107813 0.165278
0 0.313281 0.550000 0.121875 0.169444
