0 0.058984 0.538194 0.116406 0.334722
0 0.412500 0.246528 0.159375 0.137500
0 0.606641 0.234722 0.194531 0.122222
0 0.864453 0.342361 0.208594 0.109722
0 0.872266 0.415972 0.241406 0.098611
0 0.833594 0.495139 0.271875 0.190278
0 0.637891 0.433333 0.271094 0.263889
0 0.419922 0.353472 0.119531 0.084722
0 0.242969 0.461806 0.078125 0.123611
0 0.457422 0.415278 0.114844 0.069444
0 0.326562 0.590972 0.239063 0.237500
0 0.440625 0.654861 0.143750 0.209722
0 0.500391 0.552778 0.214844 0.186111
0 0.680859 0.622222 0.238281 0.197222
0 0.628516 0.678472 0.152344 0.176389
