0 0.522266 0.125694 0.119531 0.165278
0 0.497656 0.237500 0.106250 0.130556
0 0.564844 0.301389 0.131250 0.136111
0 0.657031 0.438194 0.123438 0.137500
0 0.609766 0.505556 0.133594 0.158333
0 0.446484 0.293056 0.111719 0.122222
0 0.492188 0.342361 0.106250 0.120833
0 0.379688 0.358333 0.132812 0.163889
0 0.480469 0.411806 0.164062 0.181944
0 0.314453 0.445833 0.117969 0.188889
0 0.423828 0.519444 0.116406 0.147222
0 0.473438 0.536111 0.104688 0.127778
0 0.401562 0.529167 0.179688 0.219444
0 0.310937 0.605556 0.126562 0.169444
