0 0.521484 0.118750 0.117969 0.165278
0 0.496094 0.222222 0.109375 0.125000
0 0.562891 0.282639 0.125781 0.129167
0 0.437500 0.280556 0.096875 0.119444
0 0.492188 0.329167 0.114062 0.133333
0 0.654687 0.425694 0.129688 0.126389
0 0.608594 0.498611 0.143750 0.163889
0 0.380469 0.349306 0.132812 0.162500
0 0.475781 0.395833 0.159375 0.180556
0 0.315234 0.424306 0.116406 0.173611
0 0.424219 0.506944 0.121875 0.150000
0 0.474609 0.522917 0.108594 0.120833
0 0.400000 0.513194 0.175000 0.234722
0 0.315625 0.588889 0.125000 0.163889
