0 0.512891 0.077778 0.110156 0.147222
0 0.556641 0.256944 0.094531 0.119444
0 0.500391 0.210417 0.108594 0.143056
0 0.434766 0.239583 0.092969 0.109722
0 0.485156 0.295833 0.092188 0.111111
0 0.632031 0.400000 0.125000 0.144444
0 0.579297 0.453472 0.128906 0.201389
0 0.368359 0.298611 0.135156 0.172222
0 0.463672 0.375000 0.128906 0.155556
0 0.455469 0.463194 0.098437 0.143056
0 0.419141 0.458333 0.114844 0.169444
0 0.387109 0.486806 0.141406 0.168056
0 0.312109 0.368750 0.097656 0.151389
0 0.297656 0.506250 0.114062 0.179167
