0 0.432031 0.217361 0.140625 0.184722
0 0.627734 0.210417 0.182031 0.165278
0 0.452344 0.318056 0.140625 0.080556
0 0.112109 0.521528 0.164844 0.281944
0 0.262500 0.434722 0.076563 0.136111
0 0.369922 0.578472 0.224219 0.295833
0 0.299609 0.658333 0.107031 0.183333
0 0.475391 0.395139 0.096094 0.090278
0 0.657031 0.427778 0.270313 0.200000
0 0.886328 0.311806 0.217969 0.098611
0 0.889062 0.379167 0.221875 0.075000
0 0.857812 0.449306 0.284375 0.145833
0 0.537891 0.521528 0.203906 0.168056
0 0.703125 0.596528 0.262500 0.204167
0 0.586719 0.494444 0.104688 0.113889
0 0.649219 0.663194 0.176563 0.156944
