0 0.525391 0.094444 0.105469 0.147222
0 0.638672 0.419444 0.116406 0.158333
0 0.582812 0.477778 0.121875 0.180556
0 0.507812 0.218056 0.089063 0.113889
0 0.558594 0.279861 0.089063 0.129167
0 0.494531 0.303472 0.076563 0.106944
0 0.450000 0.250000 0.092188 0.111111
0 0.378906 0.306250 0.121875 0.165278
0 0.463672 0.373611 0.133594 0.161111
0 0.448047 0.470139 0.121094 0.156944
0 0.394922 0.493750 0.117969 0.148611
0 0.338281 0.386111 0.095312 0.155556
0 0.308203 0.494444 0.100781 0.180556
0 0.051562 0.233333 0.093750 0.200000
