0 0.342969 0.095833 0.135937 0.158333
0 0.509766 0.131250 0.171094 0.151389
0 0.770703 0.260417 0.146094 0.140278
0 0.719141 0.361806 0.210156 0.229167
0 0.517578 0.292361 0.188281 0.215278
0 0.455078 0.350000 0.082031 0.102778
0 0.537500 0.450694 0.154688 0.195833
0 0.499219 0.489583 0.110937 0.140278
0 0.357812 0.205556 0.110937 0.086111
0 0.388281 0.280556 0.078125 0.080556
0 0.375781 0.379861 0.171875 0.201389
0 0.353906 0.456944 0.125000 0.186111
0 0.216016 0.268056 0.086719 0.169444
0 0.197266 0.443750 0.167969 0.293056
