0 0.344141 0.111111 0.121094 0.175000
0 0.500781 0.125694 0.148438 0.126389
0 0.351562 0.211111 0.101562 0.119444
0 0.378906 0.279167 0.071875 0.072222
0 0.519922 0.286111 0.199219 0.208333
0 0.765625 0.256250 0.173437 0.154167
0 0.714844 0.352083 0.214062 0.215278
0 0.461719 0.346528 0.096875 0.118056
0 0.544141 0.452778 0.158594 0.202778
0 0.502344 0.474306 0.117188 0.118056
0 0.375781 0.377778 0.159375 0.222222
0 0.364063 0.450000 0.134375 0.191667
0 0.217578 0.267361 0.080469 0.165278
0 0.189844 0.434722 0.156250 0.305556
