0 0.528125 0.156944 0.132812 0.177778
0 0.517578 0.294444 0.119531 0.133333
0 0.582031 0.334028 0.128125 0.126389
0 0.667969 0.461111 0.139063 0.147222
0 0.625391 0.539583 0.144531 0.187500
0 0.446094 0.323611 0.103125 0.122222
0 0.509375 0.375694 0.117188 0.137500
0 0.507422 0.469444 0.139844 0.133333
0 0.406250 0.406944 0.153125 0.169444
0 0.480859 0.554861 0.105469 0.131944
0 0.441016 0.556944 0.132031 0.152778
0 0.327344 0.502778 0.131250 0.175000
0 0.417578 0.569444 0.160156 0.186111
0 0.323437 0.642361 0.148438 0.190278
