0 0.353516 0.098611 0.133594 0.152778
0 0.503906 0.139583 0.153125 0.134722
0 0.776563 0.272222 0.151562 0.166667
0 0.719531 0.363889 0.214062 0.230556
0 0.517188 0.281944 0.185938 0.216667
0 0.462109 0.348611 0.083594 0.105556
0 0.541797 0.450000 0.158594 0.211111
0 0.504297 0.483333 0.119531 0.141667
0 0.353125 0.219444 0.112500 0.125000
0 0.386719 0.274306 0.084375 0.073611
0 0.367969 0.378472 0.170313 0.220833
0 0.360938 0.459028 0.132812 0.181944
0 0.223828 0.267361 0.103906 0.165278
0 0.193750 0.437500 0.179688 0.302778
