0 0.610938 0.231944 0.195312 0.127778
0 0.414453 0.254861 0.161719 0.148611
0 0.418750 0.352778 0.126562 0.088889
0 0.449219 0.414583 0.096875 0.073611
0 0.630469 0.428472 0.254688 0.256944
0 0.865234 0.338889 0.197656 0.105556
0 0.869922 0.412500 0.239844 0.091667
0 0.836719 0.496528 0.290625 0.201389
0 0.673438 0.606250 0.220312 0.181944
0 0.505859 0.562500 0.221094 0.202778
0 0.621875 0.667361 0.160938 0.184722
0 0.450391 0.654167 0.169531 0.219444
0 0.246875 0.462500 0.068750 0.122222
0 0.317188 0.573611 0.242188 0.222222
0 0.058984 0.525000 0.116406 0.325000
