0 0.333594 0.090972 0.129688 0.179167
0 0.496094 0.117361 0.151562 0.162500
0 0.345313 0.191667 0.096875 0.125000
0 0.382422 0.274306 0.083594 0.093056
0 0.503125 0.277083 0.184375 0.226389
0 0.754687 0.235417 0.150000 0.109722
0 0.707812 0.332639 0.185938 0.190278
0 0.531250 0.425694 0.148438 0.159722
0 0.442969 0.332639 0.073438 0.095833
0 0.492188 0.465972 0.117188 0.143056
0 0.376953 0.363194 0.178906 0.209722
0 0.352344 0.436111 0.118750 0.172222
0 0.218359 0.260417 0.099219 0.168056
0 0.209766 0.373611 0.057031 0.138889
0 0.202344 0.425694 0.162500 0.276389
