0 0.401562 0.240972 0.143750 0.179167
0 0.419922 0.338194 0.138281 0.079167
0 0.610938 0.216667 0.207813 0.130556
0 0.441406 0.398611 0.073438 0.077778
0 0.621875 0.401389 0.245312 0.250000
0 0.865625 0.307639 0.210938 0.087500
0 0.837500 0.447222 0.289062 0.155556
0 0.668750 0.591667 0.214062 0.191667
0 0.499219 0.571528 0.228125 0.268056
0 0.616406 0.659722 0.150000 0.183333
0 0.445703 0.640278 0.166406 0.211111
0 0.245312 0.434722 0.079687 0.136111
0 0.303516 0.567361 0.214844 0.195833
0 0.057422 0.492361 0.110156 0.284722
