0 0.515234 0.073611 0.110156 0.141667
0 0.551172 0.250000 0.103906 0.130556
0 0.500391 0.198611 0.114844 0.130556
0 0.632422 0.399306 0.121094 0.137500
0 0.576953 0.441667 0.130469 0.200000
0 0.429297 0.233333 0.088281 0.113889
0 0.482812 0.293056 0.092188 0.127778
0 0.368750 0.291667 0.126562 0.172222
0 0.463672 0.372917 0.119531 0.148611
0 0.311328 0.359028 0.099219 0.148611
0 0.408984 0.444444 0.103906 0.158333
0 0.448437 0.455556 0.100000 0.136111
0 0.387500 0.479861 0.143750 0.165278
0 0.296875 0.502778 0.106250 0.158333
