0 0.612500 0.238194 0.184375 0.123611
0 0.418359 0.250000 0.169531 0.130556
0 0.435937 0.343750 0.160938 0.076389
0 0.464062 0.416667 0.112500 0.075000
0 0.639062 0.448611 0.260937 0.269444
0 0.867578 0.339583 0.205469 0.101389
0 0.873047 0.420833 0.221094 0.116667
0 0.842578 0.503472 0.269531 0.223611
0 0.520703 0.552778 0.232031 0.188889
0 0.695312 0.625694 0.251563 0.223611
0 0.451562 0.639583 0.171875 0.193056
0 0.256250 0.480556 0.065625 0.155556
0 0.328125 0.597917 0.228125 0.256944
0 0.276172 0.661111 0.108594 0.169444
0 0.069531 0.545139 0.137500 0.340278
