0 0.518750 0.083333 0.109375 0.158333
0 0.571875 0.272917 0.103125 0.112500
0 0.503906 0.209722 0.120313 0.136111
0 0.654687 0.411111 0.125000 0.136111
0 0.601172 0.473611 0.133594 0.169444
0 0.435156 0.253472 0.100000 0.129167
0 0.491797 0.302778 0.108594 0.130556
0 0.377734 0.323611 0.142969 0.161111
0 0.471484 0.375000 0.144531 0.194444
0 0.466016 0.484028 0.111719 0.140278
0 0.418750 0.473611 0.118750 0.161111
0 0.408203 0.522222 0.144531 0.166667
0 0.312891 0.402778 0.108594 0.180556
0 0.312891 0.558333 0.121094 0.155556
