0 0.056250 0.486111 0.110937 0.288889
0 0.406250 0.243056 0.153125 0.163889
0 0.409375 0.337500 0.131250 0.094444
0 0.433594 0.396528 0.085938 0.068056
0 0.604688 0.213194 0.190625 0.115278
0 0.628906 0.407639 0.250000 0.268056
0 0.865625 0.325694 0.207813 0.081944
0 0.839844 0.451389 0.287500 0.144444
0 0.487109 0.563194 0.225781 0.293056
0 0.671484 0.598611 0.235156 0.211111
0 0.619531 0.652778 0.162500 0.172222
0 0.432422 0.625694 0.153906 0.204167
0 0.244922 0.437500 0.072656 0.119444
0 0.296484 0.552778 0.216406 0.197222
