0 0.064062 0.541667 0.126562 0.344444
0 0.410938 0.248611 0.153125 0.155556
0 0.417187 0.349306 0.135937 0.070833
0 0.604297 0.227083 0.180469 0.104167
0 0.448437 0.413194 0.095312 0.056944
0 0.633203 0.445833 0.255469 0.261111
0 0.875000 0.337500 0.214062 0.113889
0 0.869922 0.425000 0.225781 0.119444
0 0.836328 0.494444 0.274219 0.194444
0 0.511328 0.550694 0.230469 0.190278
0 0.679688 0.610417 0.235937 0.181944
0 0.629297 0.684028 0.153906 0.159722
0 0.450000 0.653472 0.179688 0.212500
0 0.246094 0.465972 0.078125 0.123611
0 0.324219 0.604167 0.229687 0.252778
