0 0.367188 0.111111 0.159375 0.127778
0 0.519531 0.145139 0.162500 0.120833
0 0.802344 0.288889 0.179688 0.166667
0 0.734375 0.383333 0.209375 0.238889
0 0.525000 0.302083 0.196875 0.184722
0 0.367188 0.231944 0.123438 0.108333
0 0.393750 0.288889 0.082812 0.072222
0 0.394922 0.389583 0.157031 0.173611
0 0.478516 0.377778 0.105469 0.102778
0 0.557422 0.472222 0.144531 0.186111
0 0.522266 0.518056 0.124219 0.155556
0 0.371484 0.485417 0.136719 0.198611
0 0.222266 0.286111 0.096094 0.144444
0 0.217578 0.490972 0.174219 0.343056
