0 0.514844 0.070833 0.110937 0.138889
0 0.552734 0.247222 0.100781 0.127778
0 0.501172 0.201389 0.111719 0.152778
0 0.629297 0.392361 0.119531 0.134722
0 0.582031 0.445139 0.131250 0.193056
0 0.426563 0.232639 0.082812 0.118056
0 0.482812 0.288194 0.090625 0.120833
0 0.366797 0.292361 0.133594 0.179167
0 0.461328 0.363889 0.128906 0.166667
0 0.306641 0.354861 0.097656 0.148611
0 0.383984 0.480556 0.138281 0.155556
0 0.414062 0.448611 0.106250 0.169444
0 0.448828 0.452778 0.097656 0.127778
0 0.296094 0.504167 0.110937 0.155556
