0 0.525781 0.149306 0.121875 0.165278
0 0.500391 0.270139 0.111719 0.126389
0 0.571484 0.327778 0.125781 0.125000
0 0.662891 0.454167 0.130469 0.138889
0 0.614844 0.538194 0.143750 0.176389
0 0.446094 0.322222 0.112500 0.133333
0 0.494922 0.367361 0.111719 0.123611
0 0.383203 0.386111 0.144531 0.161111
0 0.478906 0.438889 0.170313 0.175000
0 0.316797 0.470833 0.124219 0.166667
0 0.431250 0.545139 0.146875 0.151389
0 0.477734 0.556250 0.105469 0.126389
0 0.404297 0.550694 0.180469 0.226389
0 0.314063 0.624306 0.139063 0.181944
