0 0.337500 0.084722 0.121875 0.166667
0 0.494531 0.107639 0.154688 0.151389
0 0.742188 0.225000 0.153125 0.144444
0 0.695703 0.301389 0.203906 0.158333
0 0.491797 0.247222 0.185156 0.211111
0 0.497656 0.378472 0.176563 0.187500
0 0.495703 0.464583 0.142969 0.165278
0 0.373047 0.362500 0.166406 0.252778
0 0.344531 0.177083 0.078125 0.093056
0 0.374609 0.250694 0.082031 0.106944
0 0.342969 0.418750 0.125000 0.176389
0 0.225391 0.234722 0.107031 0.205556
0 0.225391 0.373611 0.103906 0.194444
0 0.173047 0.379861 0.147656 0.248611
