0 0.409375 0.241667 0.154688 0.172222
0 0.603906 0.229167 0.209375 0.127778
0 0.880078 0.320833 0.208594 0.102778
0 0.619531 0.409722 0.254688 0.266667
0 0.834766 0.459028 0.274219 0.162500
0 0.871875 0.398611 0.218750 0.141667
0 0.671094 0.589583 0.212500 0.193056
0 0.419531 0.341667 0.121875 0.075000
0 0.440234 0.398611 0.097656 0.086111
0 0.489453 0.553472 0.203906 0.243056
0 0.625391 0.666667 0.188281 0.197222
0 0.241016 0.434028 0.083594 0.118056
0 0.292578 0.561111 0.199219 0.194444
0 0.435547 0.643056 0.160156 0.213889
0 0.061328 0.504167 0.121094 0.311111
