0 0.423047 0.252778 0.169531 0.144444
0 0.614062 0.230556 0.182812 0.136111
0 0.435937 0.347917 0.153125 0.073611
0 0.457422 0.416667 0.105469 0.080556
0 0.644141 0.463889 0.260156 0.277778
0 0.869531 0.335417 0.214062 0.098611
0 0.877344 0.413889 0.231250 0.111111
0 0.835156 0.508333 0.270313 0.219444
0 0.526953 0.556250 0.249219 0.195833
0 0.688281 0.616667 0.234375 0.186111
0 0.629687 0.682639 0.156250 0.140278
0 0.455469 0.645833 0.171875 0.202778
0 0.251172 0.457639 0.080469 0.126389
0 0.328516 0.595139 0.217969 0.256944
0 0.275000 0.675694 0.104688 0.184722
0 0.066016 0.552083 0.130469 0.340278
