0 0.058594 0.525694 0.115625 0.334722
0 0.243359 0.452778 0.072656 0.122222
0 0.318750 0.579167 0.250000 0.216667
0 0.445703 0.649306 0.152344 0.215278
0 0.410547 0.256250 0.149219 0.151389
0 0.606641 0.229167 0.208594 0.133333
0 0.421094 0.346528 0.131250 0.093056
0 0.443359 0.413194 0.097656 0.081944
0 0.635938 0.430556 0.262500 0.269444
0 0.489844 0.554167 0.207813 0.205556
0 0.550781 0.502778 0.117188 0.144444
0 0.671094 0.598611 0.235937 0.194444
0 0.618359 0.675000 0.138281 0.197222
0 0.865625 0.325694 0.200000 0.126389
0 0.869531 0.409722 0.226562 0.119444
0 0.830469 0.491667 0.278125 0.177778
