0 0.514844 0.068056 0.109375 0.133333
0 0.555078 0.234722 0.105469 0.144444
0 0.496484 0.190278 0.107031 0.144444
0 0.634375 0.393750 0.121875 0.129167
0 0.585938 0.440278 0.140625 0.197222
0 0.429297 0.225694 0.088281 0.109722
0 0.479687 0.281944 0.103125 0.133333
0 0.370312 0.293750 0.137500 0.170833
0 0.469922 0.368056 0.130469 0.163889
0 0.308984 0.360417 0.102344 0.159722
0 0.450391 0.448611 0.103906 0.133333
0 0.415625 0.450694 0.118750 0.168056
0 0.389453 0.483333 0.146094 0.172222
0 0.300000 0.512500 0.110937 0.158333
