0 0.378906 0.180556 0.157812 0.144444
0 0.546875 0.186806 0.162500 0.120833
0 0.828516 0.300694 0.177344 0.109722
0 0.761719 0.437500 0.218750 0.241667
0 0.559375 0.328472 0.215625 0.148611
0 0.385156 0.279167 0.114062 0.086111
0 0.406250 0.345833 0.075000 0.080556
0 0.420312 0.450694 0.173437 0.140278
0 0.492188 0.434028 0.092188 0.087500
0 0.604297 0.519444 0.196094 0.163889
0 0.558203 0.576389 0.130469 0.138889
0 0.250391 0.365972 0.103906 0.137500
0 0.394922 0.559028 0.144531 0.195833
0 0.246484 0.549306 0.182031 0.284722
